8,3
0,386
43,284
43,283
43,282
43,281
43,280
43,279
43,278
43,277
43,276
43,275
43,274
43,273
43,272
43,1
41,350
41,349
41,348
41,347
41,346
41,345
41,344
41,343
41,342
41,341
41,340
41,339
41,338
41,337
41,336
41,335
41,334
41,333
41,332
41,331
41,330
41,329
41,328
41,327
41,326
41,325
41,324
41,323
41,322
41,321
41,320
41,319
41,318
41,317
41,316
41,315
41,314
41,313
41,312
41,311
41,310
41,309
41,308
41,307
41,306
41,305
41,304
41,214
41,213
41,212
41,211
41,210
41,209
41,208
41,207
41,206
41,205
41,204
41,203
41,202
41,201
41,200
41,199
41,198
41,195
41,194
41,193
41,192
41,171
41,170
41,169
41,168
41,167
41,166
41,165
41,164
41,163
41,162
41,161
41,160
41,159
41,158
41,157
41,156
41,155
41,154
41,153
41,152
41,151
41,150
41,149
41,148
41,147
41,146
41,145
41,144
41,143
41,142
41,140
41,101
41,99
41,98
41,96
41,85
41,78
41,66
41,29
41,1
38,25
38,24
38,23
38,22
38,21
38,20
38,19
38,1
25,32
25,31
25,30
25,29
25,28
25,27
25,26
25,25
25,24
25,23
25,22
25,21
25,20
25,19
25,18
25,17
25,16
25,15
25,14
25,13
25,12
25,11
